index;x;y;z
0;-0.005142;-0.014404;-0.994858
1;-0.005585;-0.015564;-0.994995
2;-0.005600;-0.015182;-0.994843
3;-0.004974;-0.014801;-0.995514
4;-0.005386;-0.014816;-0.996643
5;-0.005814;-0.014145;-0.995041
6;-0.005035;-0.014252;-0.994690
7;-0.005356;-0.014984;-0.995438
8;-0.005966;-0.015518;-0.995972
9;-0.005966;-0.014633;-0.994461
10;-0.005783;-0.015060;-0.994247
11;-0.004974;-0.014786;-0.994919
12;-0.005463;-0.015305;-0.995193
13;-0.005768;-0.014511;-0.992935
14;-0.005219;-0.014572;-0.995987
15;-0.005936;-0.014160;-0.994446
16;-0.006454;-0.015732;-0.995224
17;-0.005569;-0.015244;-0.995438
18;-0.005264;-0.015381;-0.995316
19;-0.006393;-0.015564;-0.995193
20;-0.006516;-0.014221;-0.995621
21;-0.005569;-0.014587;-0.994507
22;-0.005981;-0.015045;-0.995483
23;-0.005753;-0.015930;-0.995255
24;-0.005310;-0.015060;-0.995483
25;-0.005234;-0.015213;-0.995758
26;-0.005127;-0.014633;-0.994568
27;-0.005524;-0.014709;-0.995041
28;-0.006805;-0.014709;-0.994400
29;-0.005615;-0.015411;-0.994766
30;-0.005722;-0.015152;-0.994659
31;-0.006073;-0.014709;-0.995621
32;-0.005615;-0.014511;-0.994507
33;-0.006348;-0.014008;-0.995087
34;-0.005737;-0.014984;-0.994583
35;-0.004837;-0.015335;-0.995529
36;-0.005722;-0.015350;-0.994904
37;-0.005707;-0.015411;-0.994781
38;-0.005417;-0.015121;-0.994919
39;-0.004868;-0.015701;-0.995392
40;-0.004776;-0.014771;-0.995193
41;-0.005783;-0.014801;-0.996201
42;-0.006409;-0.014954;-0.994766
43;-0.005615;-0.015213;-0.995270
44;-0.005493;-0.014389;-0.995956
45;-0.005615;-0.015396;-0.994278
46;-0.005646;-0.015244;-0.996292
47;-0.005600;-0.015091;-0.995163
48;-0.005478;-0.014709;-0.994003
49;-0.006241;-0.014923;-0.995529
50;-0.005798;-0.015045;-0.995041
51;-0.005234;-0.015625;-0.994995
52;-0.005844;-0.015564;-0.995468
53;-0.005157;-0.015152;-0.995361
54;-0.005234;-0.015045;-0.995560
55;-0.005447;-0.014618;-0.995697
56;-0.005722;-0.014587;-0.994629
57;-0.006195;-0.015671;-0.995300
58;-0.005463;-0.015015;-0.993362
59;-0.005249;-0.015045;-0.996643
60;-0.006119;-0.015106;-0.996338
61;-0.005478;-0.015350;-0.994308
62;-0.005615;-0.014328;-0.995468
63;-0.004822;-0.016159;-0.994965
64;-0.006027;-0.015060;-0.994904
65;-0.005157;-0.014526;-0.994858
66;-0.006744;-0.014404;-0.994705
67;-0.005524;-0.014816;-0.995834
68;-0.005127;-0.015564;-0.994980
69;-0.005020;-0.014755;-0.996170
70;-0.004639;-0.014465;-0.995438
71;-0.005310;-0.015030;-0.995758
72;-0.006165;-0.015076;-0.994339
73;-0.006180;-0.014694;-0.994598
74;-0.005493;-0.015503;-0.995041
75;-0.005554;-0.015793;-0.995361
76;-0.005371;-0.015045;-0.995331
77;-0.005875;-0.015182;-0.994720
78;-0.006531;-0.015549;-0.995972
79;-0.006516;-0.015198;-0.994553
80;-0.004639;-0.014725;-0.995010
81;-0.005035;-0.015137;-0.995361
82;-0.005890;-0.015213;-0.995361
83;-0.005173;-0.014374;-0.994247
84;-0.004959;-0.015213;-0.995514
85;-0.005264;-0.014069;-0.994827
86;-0.005920;-0.014191;-0.996246
87;-0.005585;-0.015503;-0.995468
88;-0.005188;-0.014664;-0.995667
89;-0.006058;-0.015518;-0.995148
90;-0.005783;-0.013641;-0.995270
91;-0.006241;-0.015930;-0.995285
92;-0.005661;-0.015091;-0.995010
93;-0.006210;-0.015106;-0.995468
94;-0.005997;-0.015778;-0.995300
95;-0.005737;-0.014481;-0.995728
96;-0.005783;-0.014969;-0.996277
97;-0.005829;-0.015320;-0.995392
98;-0.005524;-0.016632;-0.993851
99;-0.005478;-0.014069;-0.996780
100;-0.004974;-0.014725;-0.995438
101;-0.005692;-0.015244;-0.994308
102;-0.006287;-0.014252;-0.995209
103;-0.005539;-0.015198;-0.994766
104;-0.005798;-0.015747;-0.995392
105;-0.005692;-0.014740;-0.996307
106;-0.005371;-0.014481;-0.995621
107;-0.004990;-0.015182;-0.995499
108;-0.006516;-0.015182;-0.996201
109;-0.005707;-0.015518;-0.995331
110;-0.005585;-0.015732;-0.996353
111;-0.005524;-0.014587;-0.995804
112;-0.005371;-0.015182;-0.995697
113;-0.005844;-0.014664;-0.995926
114;-0.004883;-0.015732;-0.994888
115;-0.006500;-0.014908;-0.995819
116;-0.005112;-0.015045;-0.995224
117;-0.005753;-0.015045;-0.994644
118;-0.005280;-0.014328;-0.995651
119;-0.006226;-0.015045;-0.994858
120;-0.005508;-0.014465;-0.994461
121;-0.006088;-0.015305;-0.995956
122;-0.005081;-0.014877;-0.995712
123;-0.005295;-0.014221;-0.994736
124;-0.005234;-0.014587;-0.994843
125;-0.006042;-0.015579;-0.995087
126;-0.005646;-0.015442;-0.995010
127;-0.005844;-0.014069;-0.994827
128;-0.004929;-0.015762;-0.995483
129;-0.005768;-0.015503;-0.996109
130;-0.005661;-0.014938;-0.994446
131;-0.006363;-0.014389;-0.995926
132;-0.004700;-0.016098;-0.993881
133;-0.005249;-0.015015;-0.994980
134;-0.004959;-0.015060;-0.996002
135;-0.005127;-0.014328;-0.995041
136;-0.005371;-0.014862;-0.995895
137;-0.004883;-0.015045;-0.995239
138;-0.005554;-0.015701;-0.994873
139;-0.005768;-0.015259;-0.994690
140;-0.005997;-0.015045;-0.995728
141;-0.005615;-0.014343;-0.994278
142;-0.005692;-0.015961;-0.995209
143;-0.006332;-0.015564;-0.993652
144;-0.006241;-0.015060;-0.994858
145;-0.005203;-0.014526;-0.994980
146;-0.005264;-0.014694;-0.994431
147;-0.005478;-0.015610;-0.995148
148;-0.005539;-0.015533;-0.994629
149;-0.005478;-0.015030;-0.995316
150;-0.006241;-0.014893;-0.994202
151;-0.005127;-0.015121;-0.994812
152;-0.005035;-0.014938;-0.994812
153;-0.005875;-0.015472;-0.994675
154;-0.004944;-0.014435;-0.995148
155;-0.004898;-0.014786;-0.993927
156;-0.005768;-0.014603;-0.995972
157;-0.005875;-0.014542;-0.995209
158;-0.005554;-0.014404;-0.995422
159;-0.005692;-0.015030;-0.994797
160;-0.005478;-0.014862;-0.994934
161;-0.004791;-0.014664;-0.995712
162;-0.005768;-0.015076;-0.995605
163;-0.005737;-0.015091;-0.993912
164;-0.005951;-0.014725;-0.996109
165;-0.005386;-0.015350;-0.995621
166;-0.005692;-0.014984;-0.995667
167;-0.006195;-0.014969;-0.995255
168;-0.005768;-0.014511;-0.995972
169;-0.005219;-0.015045;-0.994217
170;-0.005447;-0.015289;-0.995026
171;-0.005569;-0.015945;-0.994537
172;-0.005356;-0.015762;-0.994675
173;-0.005615;-0.015366;-0.995483
174;-0.005615;-0.014938;-0.994308
175;-0.004868;-0.014954;-0.995911
176;-0.005737;-0.015335;-0.996262
177;-0.005554;-0.015320;-0.994324
178;-0.005035;-0.015564;-0.995956
179;-0.002808;-0.017166;-1.010651
