index;x;y;z
0;-0.000488;-0.017273;-0.993805
1;-0.002014;-0.017456;-0.995804
2;0.000381;-0.018295;-0.995667
3;-0.000427;-0.017487;-0.995773
4;-0.000839;-0.016846;-0.995361
5;-0.001373;-0.017776;-0.995850
6;-0.000931;-0.018158;-0.995163
7;-0.000961;-0.018219;-0.995087
8;-0.000778;-0.018066;-0.995789
9;-0.002121;-0.017914;-0.995239
10;-0.000153;-0.018112;-0.995682
11;-0.001450;-0.018005;-0.995514
12;-0.000198;-0.018372;-0.994751
13;-0.000153;-0.017273;-0.966171
14;-0.001724;-0.019775;-1.003174
15;-0.000397;-0.017487;-0.992737
16;-0.001114;-0.018112;-0.994598
17;-0.000687;-0.017792;-0.996017
18;-0.001099;-0.018158;-0.996536
19;-0.000183;-0.017319;-0.994766
20;-0.000671;-0.018707;-0.996597
21;0.001694;-0.018448;-0.992065
22;-0.002396;-0.016464;-1.034119
23;-0.001144;-0.018356;-0.998596
24;-0.001068;-0.018127;-0.997116
25;-0.001160;-0.017899;-0.995270
26;0.000610;-0.018707;-0.995438
27;-0.000885;-0.017822;-0.994003
28;-0.000824;-0.018051;-0.995789
29;-0.000534;-0.017792;-0.995239
30;-0.000046;-0.017883;-0.995560
31;-0.000488;-0.018082;-0.996323
32;0.000443;-0.019684;-0.969818
33;-0.001083;-0.019150;-1.005463
34;-0.000916;-0.017929;-0.990173
35;-0.000534;-0.017990;-0.995880
36;-0.001099;-0.017456;-0.995621
37;-0.001556;-0.018524;-0.994476
38;0.002289;-0.017578;-0.992447
39;-0.000244;-0.018600;-0.993927
40;-0.001114;-0.017426;-0.995880
41;-0.000626;-0.018677;-0.995728
42;-0.001358;-0.018188;-0.995438
43;-0.000961;-0.018600;-0.995605
44;-0.000336;-0.018127;-0.988525
45;-0.001129;-0.018188;-0.999619
46;-0.000656;-0.017731;-0.994583
47;-0.000763;-0.017593;-0.997131
48;-0.000565;-0.017838;-0.996765
49;-0.000809;-0.018250;-0.996643
50;0.003082;-0.021881;-1.071899
51;-0.000992;-0.016647;-0.987198
52;-0.001984;-0.017960;-0.996002
53;-0.000916;-0.017670;-0.995728
54;-0.000946;-0.018356;-0.996536
55;-0.001648;-0.017014;-0.995392
56;-0.001068;-0.019318;-0.995575
57;-0.001129;-0.017365;-0.994934
58;-0.001511;-0.018326;-0.996353
59;0.001282;-0.020035;-0.984711
60;0.004471;-0.019608;-1.047546
61;-0.000641;-0.017075;-0.983154
62;-0.000885;-0.017441;-0.995178
63;-0.000336;-0.018112;-0.996567
64;-0.000641;-0.017899;-0.994110
65;-0.000809;-0.017929;-0.994156
66;-0.001114;-0.018265;-0.996429
67;-0.001556;-0.017593;-0.994690
68;-0.000076;-0.017776;-0.994705
69;-0.000381;-0.018570;-0.996429
70;-0.000961;-0.017548;-0.996902
71;-0.005554;-0.013123;-1.005463
72;-0.000931;-0.019547;-1.014313
73;-0.000702;-0.017914;-0.991623
74;-0.001266;-0.018234;-0.995712
75;-0.000702;-0.018417;-0.994308
76;-0.000885;-0.017929;-0.995087
77;-0.000717;-0.017227;-0.996155
78;-0.000854;-0.017838;-0.994675
79;-0.001099;-0.018112;-0.996811
80;-0.001465;-0.018631;-0.995987
81;-0.000763;-0.017532;-0.995789
82;-0.003418;-0.015823;-1.005371
83;-0.006149;-0.014267;-0.949249
84;-0.001587;-0.016388;-0.989899
85;-0.000305;-0.018433;-0.995331
86;-0.001495;-0.018295;-0.996490
87;-0.001526;-0.018188;-0.997192
88;-0.001663;-0.017365;-0.997009
89;-0.002243;-0.018036;-0.996185
90;-0.002289;-0.018341;-0.996933
91;-0.000824;-0.017731;-0.996887
92;-0.000381;-0.018524;-0.994904
93;-0.000931;-0.018112;-0.996552
94;-0.000595;-0.018753;-0.999008
95;-0.001175;-0.017929;-1.000717
96;0.000259;-0.017670;-0.994705
97;0.000748;-0.017151;-0.981522
98;0.000214;-0.017792;-0.994278
99;0.000595;-0.017273;-0.991653
100;-0.000580;-0.017365;-0.997147
101;0.062637;-0.026779;-1.031586
102;-0.026108;-0.012726;-0.892685
103;-0.005951;-0.020538;-0.947220
104;0.000961;-0.018738;-0.976822
105;-0.001587;-0.019821;-0.987000
106;-0.001083;-0.019318;-0.989120
107;-0.002579;-0.020981;-0.998245
108;-0.002136;-0.017761;-0.994980
109;-0.002731;-0.019424;-0.994537
110;-0.001740;-0.018448;-1.008347
111;0.000534;-0.018478;-0.998306
112;-0.000992;-0.017792;-0.987106
113;-0.000610;-0.017105;-0.996506
114;-0.000458;-0.018631;-0.995453
115;0.008255;0.002487;-0.198471
116;-0.107452;0.039749;-0.694427
117;0.119370;-0.075867;-1.279526
118;-0.029785;-0.007019;-0.830048
119;-0.030273;-0.007217;-0.849243
120;-0.009720;-0.016739;-0.952698
121;-0.001190;-0.019348;-0.998795
122;-0.001114;-0.018738;-0.997711
123;-0.001083;-0.018463;-0.994965
124;-0.001175;-0.018112;-1.003906
125;-0.000412;-0.018478;-1.000183
126;-0.000900;-0.017685;-0.983322
127;-0.000244;-0.017380;-0.994186
128;-0.000626;-0.018982;-0.994934
129;0.011688;-0.007996;-0.761139
130;0.023254;-0.013748;-0.764862
131;-0.001190;-0.015793;-0.970764
132;-0.001816;-0.019608;-0.999176
133;-0.002106;-0.019333;-1.001175
134;-0.003693;-0.019318;-1.002121
135;-0.003433;-0.018066;-1.000320
136;-0.001511;-0.018539;-0.998734
137;-0.002014;-0.018326;-0.994370
138;-0.001251;-0.018570;-1.003723
139;-0.002045;-0.018112;-1.001511
140;0.000000;-0.017303;-0.995514
141;-0.000198;-0.018387;-0.995575
142;-0.000656;-0.017838;-0.994949
143;0.022461;-0.009796;-0.468796
144;-0.069778;0.001511;-0.835678
145;0.080475;-0.047836;-1.319992
146;-0.017380;-0.013687;-0.906158
147;0.005920;-0.024261;-1.049194
148;-0.001831;-0.020050;-0.989517
149;-0.002838;-0.020126;-0.997009
150;-0.002029;-0.018097;-0.998566
151;-0.003082;-0.019882;-1.002167
152;-0.001480;-0.018738;-1.009216
153;0.000031;-0.015549;-0.968170
154;-0.000412;-0.018356;-0.992416
155;0.000443;-0.017334;-0.990952
156;-0.000320;-0.018814;-0.995697
157;0.000320;-0.016663;-0.995316
158;0.001816;-0.016785;-0.976074
159;-0.000809;-0.017792;-0.970367
160;-0.000916;-0.018387;-0.996964
161;-0.002151;-0.020157;-1.003601
162;0.000015;-0.018005;-0.994751
163;-0.001312;-0.018890;-0.995361
164;-0.001495;-0.018356;-0.996078
165;-0.000977;-0.018631;-0.995911
166;-0.000473;-0.017792;-0.995163
167;-0.001083;-0.016998;-0.995056
168;-0.001495;-0.018356;-0.994659
169;-0.001022;-0.017700;-0.997833
170;-0.000732;-0.018417;-0.994553
171;-0.001297;-0.018188;-0.994614
172;-0.000580;-0.017975;-0.994827
173;-0.001556;-0.018997;-0.996155
174;-0.001236;-0.017670;-0.995804
175;-0.001297;-0.018082;-0.996567
176;-0.001083;-0.017288;-0.995377
177;-0.001190;-0.017456;-0.995972
178;-0.000900;-0.017639;-0.996811
179;-0.001678;-0.017883;-0.995163
180;-0.000137;-0.018860;-0.996658
181;-0.001328;-0.019135;-0.996048
182;-0.001129;-0.018448;-0.994812
183;-0.000610;-0.018051;-0.994141
184;-0.000961;-0.019058;-0.996552
185;-0.000870;-0.017670;-0.995636
186;-0.000809;-0.018372;-0.995239
187;-0.000916;-0.018463;-0.996353
188;-0.001556;-0.018066;-0.987656
189;-0.000778;-0.017960;-0.997391
190;-0.000412;-0.018219;-0.997299
