index;x;y;z
0;-0.005295;-0.017395;-0.976028
1;-0.003189;-0.017914;-0.986496
2;-0.002197;-0.019501;-0.992264
3;-0.001740;-0.019562;-0.995422
4;-0.001816;-0.019424;-0.998245
5;-0.001846;-0.019775;-0.992477
6;-0.002136;-0.019135;-0.995636
7;-0.002045;-0.019058;-0.996674
8;-0.001221;-0.019440;-0.996536
9;-0.001556;-0.019669;-0.994202
10;-0.001877;-0.019089;-0.996628
11;-0.000977;-0.019363;-0.993790
12;-0.001907;-0.019577;-0.995407
13;-0.001984;-0.019058;-0.994980
14;-0.002060;-0.019974;-0.994675
15;-0.002213;-0.018539;-0.993118
16;-0.002136;-0.019043;-0.994690
17;-0.001175;-0.018463;-0.996658
18;-0.001312;-0.019287;-0.995850
19;-0.002121;-0.018829;-0.995209
20;-0.001694;-0.019653;-0.995102
21;-0.001770;-0.019669;-0.997589
22;-0.002167;-0.020416;-0.996933
23;-0.001572;-0.019684;-0.995178
24;-0.001740;-0.019012;-0.995941
25;-0.002304;-0.019119;-0.998032
26;-0.001785;-0.018890;-0.995239
27;-0.002090;-0.018692;-0.995026
28;-0.001373;-0.018875;-0.993286
29;-0.001740;-0.019180;-0.996597
30;-0.002319;-0.019592;-0.993073
31;-0.001877;-0.018829;-0.994049
32;-0.001480;-0.019501;-0.993256
33;-0.001678;-0.019089;-0.995758
34;-0.001877;-0.019775;-0.995300
35;-0.002106;-0.020493;-0.996033
36;-0.001175;-0.018799;-0.993179
37;-0.001801;-0.019226;-0.996429
38;-0.002060;-0.018402;-0.995956
39;-0.001633;-0.019379;-0.994553
40;-0.001450;-0.018661;-0.996078
41;-0.002136;-0.018631;-0.996033
42;-0.002350;-0.018753;-0.994461
43;-0.001541;-0.020493;-0.995560
44;-0.001755;-0.019775;-0.994568
45;-0.002213;-0.019455;-0.995010
46;-0.001572;-0.019394;-0.995270
47;-0.001495;-0.019730;-0.995392
48;-0.001694;-0.019073;-0.995636
49;-0.001724;-0.019531;-0.995865
50;-0.000656;-0.018723;-0.995117
51;-0.001373;-0.019531;-0.994629
52;-0.001373;-0.018860;-0.995926
53;-0.001801;-0.019730;-0.995758
54;-0.001678;-0.019623;-0.994141
55;-0.001633;-0.019760;-0.995331
56;-0.002197;-0.019897;-0.996246
57;-0.001892;-0.020264;-0.993744
58;-0.001648;-0.019394;-0.994705
59;-0.001221;-0.018311;-0.995102
60;-0.001770;-0.019852;-0.996048
61;-0.002289;-0.019211;-0.993835
62;-0.002151;-0.018692;-0.996338
63;-0.001144;-0.020386;-0.995697
64;-0.001663;-0.019348;-0.995773
65;-0.001465;-0.019775;-0.996536
66;-0.001450;-0.019028;-0.997086
67;-0.001404;-0.019302;-0.996292
68;-0.002441;-0.019089;-0.996964
69;-0.001297;-0.019989;-0.996506
70;-0.001740;-0.018539;-0.995377
71;-0.002151;-0.019073;-0.995041
72;-0.001556;-0.018921;-0.995560
73;-0.001541;-0.018997;-0.996231
74;-0.001312;-0.019485;-0.994156
75;-0.001160;-0.019226;-0.995926
76;-0.001816;-0.018051;-0.995499
77;-0.001511;-0.019180;-0.995468
78;-0.001358;-0.018875;-0.996231
79;-0.001419;-0.019806;-0.995255
80;-0.001175;-0.019302;-0.996735
81;-0.001465;-0.019272;-0.996017
82;-0.001846;-0.019073;-0.995880
83;-0.001511;-0.019501;-0.994675
84;-0.001907;-0.018936;-0.995499
85;-0.001663;-0.018707;-0.995224
86;-0.001129;-0.019257;-0.996384
87;-0.001419;-0.017914;-0.995453
88;-0.002548;-0.019531;-0.996170
89;-0.001617;-0.018570;-0.996689
90;-0.001328;-0.019287;-0.996506
91;-0.001541;-0.019470;-0.995773
92;-0.001663;-0.019485;-0.996216
93;-0.000748;-0.019699;-0.996185
94;-0.001953;-0.018463;-0.997238
95;-0.001663;-0.018326;-0.995895
96;-0.000961;-0.018402;-0.996124
97;-0.001083;-0.019638;-0.994904
98;-0.001526;-0.019104;-0.995193
99;-0.002213;-0.019882;-0.996262
100;-0.001343;-0.020203;-0.995514
101;-0.002060;-0.019211;-0.996567
102;-0.001801;-0.019180;-0.994949
103;-0.002441;-0.019119;-0.995209
104;-0.002335;-0.020157;-0.993286
105;-0.001892;-0.019623;-0.997299
106;-0.001633;-0.018967;-0.995773
107;-0.001297;-0.020264;-0.995071
108;-0.002106;-0.020355;-0.995819
109;-0.002197;-0.019653;-0.995712
110;-0.001282;-0.018250;-0.995132
111;-0.001129;-0.020630;-0.995346
112;-0.001236;-0.019409;-0.995575
113;-0.001465;-0.018433;-0.997772
114;-0.001709;-0.019760;-0.995468
115;-0.001923;-0.018707;-0.994247
116;-0.001099;-0.018936;-0.995239
117;-0.002136;-0.019363;-0.995102
118;-0.001343;-0.018402;-0.997116
119;-0.001129;-0.020142;-0.993790
120;-0.001511;-0.018921;-0.996231
121;-0.001709;-0.019455;-0.995758
122;-0.001495;-0.018936;-0.994980
123;-0.001236;-0.019012;-0.994995
124;-0.001389;-0.019562;-0.993546
125;-0.001083;-0.019241;-0.996658
126;-0.001450;-0.019989;-0.994949
127;-0.002045;-0.019638;-0.994568
128;-0.001694;-0.019913;-0.994949
129;-0.001404;-0.018890;-0.998199
130;-0.001846;-0.018906;-0.994690
131;-0.001251;-0.019333;-0.993042
132;-0.001892;-0.019318;-0.996964
133;-0.001709;-0.018280;-0.995972
134;-0.001801;-0.018341;-0.994339
135;-0.002060;-0.019272;-0.996887
136;-0.001785;-0.019867;-0.997925
137;-0.001740;-0.018631;-0.994720
138;-0.001663;-0.018265;-0.994446
139;-0.001495;-0.019333;-0.997421
140;-0.000931;-0.020081;-0.993652
141;-0.001816;-0.018936;-0.992554
142;-0.002060;-0.019089;-0.994110
143;-0.001373;-0.021011;-0.994171
144;-0.000793;-0.020126;-0.993896
145;-0.001862;-0.020554;-0.992050
146;-0.001511;-0.019409;-0.995117
147;-0.001328;-0.020325;-0.995453
148;-0.001999;-0.018448;-0.995255
149;-0.001694;-0.019135;-0.995407
150;-0.001907;-0.019424;-0.995651
151;-0.001419;-0.018784;-0.993393
152;-0.001953;-0.018829;-0.994934
153;-0.002289;-0.018738;-0.996185
154;-0.001450;-0.019150;-0.994293
155;-0.000946;-0.018753;-0.995590
156;-0.001633;-0.019424;-0.997101
157;-0.001862;-0.019455;-0.995819
158;-0.002121;-0.018875;-0.992783
159;-0.000946;-0.020172;-0.996521
160;-0.000900;-0.019058;-0.995163
161;-0.001526;-0.019333;-0.994614
162;-0.001404;-0.019714;-0.995880
163;-0.001541;-0.019608;-0.997299
164;-0.001907;-0.018295;-0.995834
165;-0.001938;-0.019272;-0.994797
166;-0.001907;-0.019165;-0.997879
167;-0.002197;-0.020233;-0.994904
168;-0.001694;-0.019760;-0.993546
169;-0.001144;-0.019379;-0.995697
170;-0.001617;-0.019394;-0.996994
171;-0.001678;-0.019989;-0.993378
172;-0.001724;-0.019974;-0.993713
173;-0.000793;-0.019211;-0.993515
174;-0.001373;-0.019623;-0.995758
175;-0.001846;-0.019608;-0.996338
176;-0.001755;-0.019547;-0.994354
177;-0.000763;-0.018433;-0.996109
178;-0.001221;-0.019989;-0.996063
179;-0.000687;-0.019867;-0.995392
180;-0.001175;-0.018524;-0.996475
181;-0.001404;-0.019119;-0.996536
182;-0.001129;-0.018646;-0.994568
183;-0.002014;-0.019562;-0.993851
184;-0.001785;-0.018784;-0.996170
185;-0.001602;-0.019165;-0.994064
186;-0.001205;-0.020111;-0.993912
187;-0.000946;-0.020386;-0.994446
188;-0.001389;-0.019791;-0.994186
189;-0.001938;-0.019714;-0.995987
190;-0.001175;-0.019547;-0.995941
191;-0.001602;-0.018036;-0.993729
192;-0.001419;-0.020706;-0.996384
193;-0.001160;-0.020065;-0.995407
194;-0.001434;-0.019577;-0.994537
195;-0.001434;-0.019012;-0.994736
196;-0.001434;-0.019760;-0.994507
197;-0.002014;-0.019043;-0.993103
198;-0.000580;-0.019638;-0.997818
199;-0.001770;-0.019073;-0.992905
200;-0.000961;-0.018921;-0.993454
201;-0.000992;-0.020279;-0.996796
202;0.000320;-0.020172;-0.999069
