index;x;y;z
0;0.006943;-0.024460;-1.042465
1;0.003510;-0.022491;-1.023026
2;-0.000870;-0.020782;-1.000763
3;-0.002090;-0.019363;-0.995865
4;-0.002365;-0.019943;-0.995270
5;-0.002213;-0.019562;-0.994507
6;-0.002274;-0.019760;-0.995255
7;-0.002075;-0.019531;-0.995483
8;-0.001801;-0.019653;-0.994049
9;-0.002106;-0.020660;-0.996399
10;-0.003036;-0.020111;-0.994827
11;-0.002640;-0.019821;-0.994293
12;-0.002518;-0.019775;-0.995285
13;-0.002914;-0.020599;-0.994522
14;-0.002411;-0.019775;-0.995651
15;-0.002640;-0.019623;-0.994980
16;-0.002579;-0.020050;-0.996307
17;-0.001755;-0.021286;-0.995621
18;-0.002106;-0.019638;-0.994446
19;-0.002686;-0.020218;-0.994507
20;-0.002609;-0.020187;-0.995026
21;-0.001541;-0.019638;-0.993973
22;-0.002533;-0.020218;-0.995041
23;-0.002457;-0.019806;-0.995224
24;-0.002487;-0.020020;-0.994278
25;-0.003021;-0.020233;-0.994736
26;-0.002014;-0.020142;-0.995682
27;-0.002106;-0.019135;-0.995575
28;-0.001144;-0.019531;-0.994873
29;-0.001938;-0.019852;-0.994019
30;-0.002213;-0.020630;-0.994980
31;-0.002502;-0.020126;-0.994308
32;-0.002243;-0.020706;-0.996689
33;-0.002609;-0.019409;-0.995514
34;-0.002167;-0.020355;-0.995865
35;-0.002121;-0.019547;-0.994370
36;-0.001389;-0.018875;-0.994263
37;-0.002274;-0.019485;-0.995209
38;-0.001617;-0.019745;-0.995132
39;-0.002243;-0.020142;-0.994415
40;-0.002686;-0.019348;-0.995285
41;-0.002350;-0.019287;-0.994141
42;-0.001770;-0.018677;-0.996063
43;-0.001755;-0.019623;-0.995422
44;-0.002319;-0.019928;-0.995514
45;-0.002701;-0.019867;-0.994812
46;-0.001434;-0.019241;-0.995377
47;-0.002151;-0.019836;-0.995483
48;-0.001373;-0.020111;-0.995590
49;-0.001541;-0.019058;-0.995407
50;-0.001953;-0.020462;-0.994156
51;-0.002380;-0.020172;-0.995422
52;-0.002380;-0.019470;-0.995224
53;-0.001724;-0.019150;-0.996201
54;-0.002884;-0.020615;-0.996094
55;-0.002014;-0.020248;-0.994492
56;-0.002029;-0.020096;-0.994843
57;-0.002609;-0.020020;-0.995224
58;-0.001633;-0.019424;-0.995193
59;-0.002106;-0.020157;-0.996841
60;-0.003281;-0.020096;-0.994766
61;-0.002182;-0.020493;-0.995911
62;-0.001953;-0.020386;-0.995438
63;-0.002014;-0.019165;-0.995728
64;-0.002472;-0.019699;-0.995972
65;-0.002563;-0.019730;-0.994904
66;-0.002197;-0.020126;-0.995438
67;-0.002747;-0.018890;-0.995895
68;-0.002151;-0.019928;-0.995590
69;-0.001755;-0.019760;-0.994965
70;-0.002457;-0.020554;-0.994812
71;-0.001694;-0.020462;-0.994598
72;-0.002747;-0.019135;-0.995758
73;-0.001404;-0.019363;-0.994736
74;-0.002335;-0.020111;-0.995178
75;-0.001587;-0.020096;-0.994629
76;-0.002625;-0.020432;-0.994492
77;-0.001892;-0.019669;-0.995346
78;-0.002304;-0.019928;-0.995255
79;-0.002319;-0.020401;-0.995316
80;-0.002548;-0.019867;-0.994354
81;-0.002960;-0.019699;-0.995880
82;-0.002426;-0.020203;-0.994751
83;-0.001984;-0.019791;-0.995575
84;-0.002441;-0.019730;-0.995438
85;-0.002625;-0.020294;-0.996002
86;-0.001801;-0.020111;-0.994766
87;-0.001678;-0.019760;-0.995605
88;-0.001450;-0.020996;-0.994339
89;-0.001968;-0.019424;-0.994507
90;-0.002243;-0.019852;-0.994812
91;-0.001877;-0.020844;-0.995514
92;-0.002121;-0.019897;-0.995132
93;-0.002472;-0.020279;-0.997314
94;-0.002350;-0.020554;-0.994858
95;-0.002319;-0.020584;-0.995880
96;-0.002579;-0.020111;-0.995041
97;-0.001724;-0.019897;-0.996231
98;-0.002502;-0.018753;-0.995743
99;-0.002640;-0.020340;-0.995575
100;-0.002182;-0.019592;-0.995468
101;-0.003128;-0.020508;-0.995285
102;-0.002167;-0.019501;-0.995407
103;-0.002960;-0.019791;-0.994858
104;-0.002487;-0.019501;-0.994675
105;-0.002808;-0.019699;-0.995331
106;-0.002838;-0.019669;-0.994919
107;-0.002243;-0.019348;-0.995468
108;-0.001526;-0.020050;-0.995728
109;-0.001846;-0.020142;-0.996429
110;-0.001984;-0.020493;-0.996185
111;-0.001892;-0.019791;-0.995209
112;-0.002335;-0.020096;-0.994827
113;-0.002686;-0.020447;-0.995926
114;-0.002472;-0.020264;-0.995377
115;-0.002655;-0.019867;-0.995071
116;-0.001801;-0.019806;-0.994614
117;-0.002365;-0.019562;-0.996201
118;-0.002594;-0.019791;-0.995682
119;-0.003067;-0.020218;-0.995117
120;-0.001709;-0.020233;-0.994446
121;-0.001709;-0.019974;-0.994644
122;-0.002609;-0.020447;-0.995178
123;-0.002121;-0.020065;-0.995636
124;-0.001984;-0.020828;-0.994751
125;-0.001434;-0.020813;-0.994583
126;-0.002075;-0.019684;-0.995377
127;-0.001801;-0.019592;-0.996170
128;-0.002335;-0.019882;-0.994949
129;-0.002167;-0.020142;-0.995941
130;-0.002243;-0.019577;-0.994370
131;-0.001343;-0.019806;-0.995087
132;-0.001846;-0.019958;-0.994522
133;-0.002106;-0.019852;-0.994995
134;-0.001968;-0.020538;-0.995728
135;-0.002274;-0.019791;-0.994858
136;-0.001846;-0.019852;-0.995316
137;-0.002777;-0.020630;-0.994781
138;-0.002838;-0.020218;-0.995697
139;-0.001572;-0.019791;-0.995605
140;-0.002319;-0.019119;-0.995651
141;-0.001938;-0.019669;-0.996353
142;-0.002518;-0.020920;-0.995071
143;-0.002075;-0.019562;-0.994644
144;-0.002838;-0.020065;-0.994949
145;-0.002121;-0.020523;-0.994919
146;-0.001984;-0.020050;-0.995621
147;-0.002457;-0.020401;-0.995544
148;-0.001724;-0.020340;-0.994675
149;-0.002457;-0.019882;-0.995163
150;-0.001938;-0.019119;-0.995377
151;-0.001923;-0.020004;-0.995346
152;-0.002457;-0.020081;-0.996689
153;-0.002853;-0.020035;-0.995239
154;-0.002106;-0.019684;-0.995834
155;-0.002640;-0.020767;-0.994400
156;-0.002777;-0.020721;-0.996155
157;-0.002304;-0.020340;-0.995514
158;-0.002197;-0.019867;-0.995224
159;-0.001709;-0.019180;-0.993866
160;-0.002258;-0.020203;-0.996155
161;-0.002060;-0.020416;-0.994507
162;-0.002457;-0.019653;-0.995041
163;-0.002106;-0.020721;-0.995422
164;-0.002136;-0.021301;-0.995667
165;-0.003723;-0.018982;-0.993958
166;-0.002701;-0.019516;-0.994171
167;-0.004028;-0.019302;-0.985580
168;0.017471;-0.029190;-1.069626
169;0.002106;-0.022018;-0.996170
