index;x;y;z
0;-0.002014;-0.015839;-0.995743
1;-0.001648;-0.015793;-0.995560
2;-0.002411;-0.016907;-0.995377
3;-0.001801;-0.015686;-0.995163
4;-0.002869;-0.016479;-0.995789
5;-0.002838;-0.016998;-0.995590
6;-0.002060;-0.016098;-0.995224
7;-0.003036;-0.016129;-0.996277
8;-0.002090;-0.016113;-0.994507
9;-0.003067;-0.016418;-0.996124
10;-0.002396;-0.017014;-0.996002
11;-0.002136;-0.016235;-0.995590
12;-0.002167;-0.015350;-0.995071
13;-0.002136;-0.016098;-0.994858
14;-0.002563;-0.017075;-0.995255
15;-0.002792;-0.016006;-0.995239
16;-0.002625;-0.016495;-0.994934
17;-0.002869;-0.016205;-0.994659
18;-0.002090;-0.016525;-0.995880
19;-0.002853;-0.016235;-0.995193
20;-0.002274;-0.015701;-0.994720
21;-0.002350;-0.016342;-0.995346
22;-0.002213;-0.015518;-0.995239
23;-0.002579;-0.015747;-0.995804
24;-0.002838;-0.016434;-0.995544
25;-0.002594;-0.016525;-0.996399
26;-0.002045;-0.016617;-0.996063
27;-0.002350;-0.016449;-0.994690
28;-0.003677;-0.016098;-0.994659
29;-0.003052;-0.016724;-0.996048
30;-0.002136;-0.016388;-0.996277
31;-0.002289;-0.017136;-0.994888
32;-0.003113;-0.015839;-0.995789
33;-0.002289;-0.015884;-0.995285
34;-0.001709;-0.016006;-0.995834
35;-0.002182;-0.016724;-0.995728
36;-0.001663;-0.016617;-0.996109
37;-0.002426;-0.015778;-0.995789
38;-0.001587;-0.017105;-0.996445
39;-0.002731;-0.017212;-0.994507
40;-0.002380;-0.015747;-0.996918
41;-0.003036;-0.016464;-0.994888
42;-0.003036;-0.015778;-0.995941
43;-0.002747;-0.016907;-0.995178
44;-0.002014;-0.016312;-0.995758
45;-0.001816;-0.015289;-0.995193
46;-0.002274;-0.016434;-0.995377
47;-0.002472;-0.015762;-0.995544
48;-0.002899;-0.015915;-0.996140
49;-0.003098;-0.016357;-0.995728
50;-0.002365;-0.015915;-0.995941
51;-0.003281;-0.015564;-0.995438
52;-0.002472;-0.015640;-0.995895
53;-0.002823;-0.016998;-0.995331
54;-0.001831;-0.016602;-0.994583
55;-0.002899;-0.016251;-0.995880
56;-0.003052;-0.016388;-0.995605
57;-0.001923;-0.016876;-0.995361
58;-0.002594;-0.015671;-0.995346
59;-0.002441;-0.016388;-0.995575
60;-0.002258;-0.015945;-0.996628
61;-0.002518;-0.015823;-0.994522
62;-0.002548;-0.016251;-0.996307
63;-0.002960;-0.016602;-0.996185
64;-0.002441;-0.017105;-0.995346
65;-0.002930;-0.016617;-0.994980
66;-0.002640;-0.015808;-0.995499
67;-0.002319;-0.016235;-0.995804
68;-0.002625;-0.016220;-0.995392
69;-0.002731;-0.015686;-0.995575
70;-0.002487;-0.016541;-0.995361
71;-0.002335;-0.016174;-0.994980
72;-0.002731;-0.015671;-0.996231
73;-0.002228;-0.016083;-0.995987
74;-0.002335;-0.016510;-0.995850
75;-0.002853;-0.016342;-0.994705
76;-0.002472;-0.015671;-0.994781
77;-0.002747;-0.016098;-0.996384
78;-0.002258;-0.015793;-0.995865
79;-0.002518;-0.016800;-0.996170
80;-0.002045;-0.015793;-0.994614
81;-0.002213;-0.015854;-0.996689
82;-0.002640;-0.016251;-0.995285
83;-0.001938;-0.016846;-0.995560
84;-0.002228;-0.017197;-0.995804
85;-0.002594;-0.017365;-0.996414
86;-0.002777;-0.015732;-0.994492
87;-0.002686;-0.016586;-0.994995
88;-0.003387;-0.016846;-0.995270
89;-0.002472;-0.016647;-0.995560
90;-0.001984;-0.016464;-0.995865
91;-0.002106;-0.016144;-0.994797
92;-0.002472;-0.015579;-0.995773
93;-0.002289;-0.016556;-0.995209
94;-0.002945;-0.015930;-0.995621
95;-0.002625;-0.015030;-0.994766
96;-0.002563;-0.016968;-0.994492
97;-0.002655;-0.016800;-0.995010
98;-0.002426;-0.015488;-0.995117
99;-0.002411;-0.015518;-0.995789
100;-0.001862;-0.016968;-0.995163
101;-0.001419;-0.016251;-0.994949
102;-0.002502;-0.015854;-0.995438
103;-0.002869;-0.016418;-0.995819
104;-0.002777;-0.015717;-0.995224
105;-0.002289;-0.014984;-0.994858
106;-0.002380;-0.016083;-0.996094
107;-0.003326;-0.015503;-0.995834
108;-0.002457;-0.016006;-0.995926
109;-0.001953;-0.016510;-0.995560
110;-0.002304;-0.015442;-0.995697
111;-0.002533;-0.016266;-0.994965
112;-0.002991;-0.016830;-0.995422
113;-0.002426;-0.016861;-0.995422
114;-0.002197;-0.016281;-0.995071
115;-0.002274;-0.015717;-0.995468
116;-0.002869;-0.016403;-0.995209
117;-0.002914;-0.016449;-0.994797
118;-0.002594;-0.015579;-0.995438
119;-0.002228;-0.016724;-0.995392
120;-0.002731;-0.016113;-0.995346
121;-0.002899;-0.016739;-0.995697
122;-0.002197;-0.015671;-0.995712
123;-0.002838;-0.016068;-0.994980
124;-0.002396;-0.016968;-0.995773
125;-0.002914;-0.015732;-0.996582
126;-0.002762;-0.016373;-0.995804
127;-0.002808;-0.015991;-0.995193
128;-0.001694;-0.016571;-0.994431
129;-0.001938;-0.015671;-0.995682
130;-0.001724;-0.016647;-0.995804
131;-0.002274;-0.016296;-0.995605
132;-0.002335;-0.016846;-0.995605
133;-0.001724;-0.015045;-0.995804
134;-0.002853;-0.016174;-0.995239
135;-0.002808;-0.016479;-0.995178
136;-0.003494;-0.016235;-0.995743
137;-0.002853;-0.015991;-0.995117
138;-0.002716;-0.016037;-0.995529
139;-0.002396;-0.015717;-0.995163
140;-0.002289;-0.016632;-0.995087
141;-0.002563;-0.015991;-0.994827
142;-0.002975;-0.015945;-0.995148
143;-0.002487;-0.016876;-0.995285
144;-0.003342;-0.016129;-0.996658
145;-0.002655;-0.016586;-0.996216
146;-0.002350;-0.015701;-0.995453
147;-0.002365;-0.015945;-0.994171
148;-0.002319;-0.015579;-0.995132
149;-0.002060;-0.015533;-0.996872
