index;x;y;z
0;-0.003952;-0.021286;-0.949509
1;0.006607;-0.025803;-1.010056
2;0.002304;-0.024643;-0.989441
3;0.004745;-0.025208;-0.997360
4;0.003433;-0.024521;-0.994995
5;0.003830;-0.025055;-0.995163
6;0.003281;-0.024490;-0.995758
7;0.004105;-0.025726;-0.995911
8;0.003586;-0.024902;-0.996887
9;0.004333;-0.025269;-0.994507
10;0.003738;-0.024826;-0.994751
11;0.003738;-0.024933;-0.997391
12;0.004379;-0.025772;-0.994141
13;0.003525;-0.025803;-0.995209
14;0.004013;-0.025177;-0.995270
15;0.003616;-0.024414;-0.994049
16;0.003601;-0.025040;-0.994827
17;0.003265;-0.023712;-0.994705
18;0.003693;-0.025436;-0.995636
19;0.003342;-0.024536;-0.995331
20;0.003983;-0.024368;-0.994949
21;0.003815;-0.025696;-0.994675
22;0.003799;-0.025406;-0.994644
23;0.003922;-0.025543;-0.994644
24;0.003494;-0.025375;-0.995697
25;0.004486;-0.025467;-0.994904
26;0.003540;-0.024185;-0.994995
27;0.002274;-0.025482;-0.994843
28;0.004166;-0.025131;-0.995682
29;0.003510;-0.025040;-0.996124
30;0.003769;-0.024948;-0.994766
31;0.003784;-0.024399;-0.995895
32;0.003662;-0.024811;-0.995300
33;0.004059;-0.025604;-0.995056
34;0.004211;-0.024506;-0.994278
35;0.003815;-0.026047;-0.995316
36;0.004440;-0.025421;-0.995438
37;0.003937;-0.023788;-0.994583
38;0.004089;-0.025345;-0.995392
39;0.002853;-0.025970;-0.995743
40;0.004379;-0.024857;-0.995758
41;0.003891;-0.024612;-0.995239
42;0.003342;-0.025131;-0.995132
43;0.004227;-0.024078;-0.995636
44;0.003540;-0.025101;-0.995987
45;0.003876;-0.024399;-0.994659
46;0.004227;-0.024689;-0.995682
47;0.003372;-0.024963;-0.994812
48;0.003876;-0.025391;-0.995453
49;0.003967;-0.025208;-0.995316
50;0.004166;-0.025558;-0.995651
51;0.004166;-0.025009;-0.995071
52;0.004059;-0.024673;-0.994736
53;0.003540;-0.025055;-0.996170
54;0.004578;-0.026245;-0.995193
55;0.003860;-0.024765;-0.996460
56;0.003525;-0.024857;-0.995483
57;0.003860;-0.024689;-0.995163
58;0.002899;-0.024506;-0.995697
59;0.003784;-0.024063;-0.995590
60;0.003433;-0.024780;-0.995132
61;0.003326;-0.024780;-0.995346
62;0.003815;-0.024994;-0.994110
63;0.003738;-0.024170;-0.995514
64;0.003571;-0.025330;-0.995392
65;0.004547;-0.025223;-0.996368
66;0.003845;-0.025085;-0.995377
67;0.004425;-0.024307;-0.995026
68;0.004868;-0.024796;-0.994995
69;0.003525;-0.025253;-0.995285
70;0.004211;-0.024948;-0.995972
71;0.004150;-0.025162;-0.993973
72;0.002533;-0.025238;-0.996017
73;0.004654;-0.025040;-0.994614
74;0.002609;-0.024734;-0.993759
75;0.004227;-0.024490;-0.995605
76;0.003845;-0.025436;-0.994476
77;0.003494;-0.024734;-0.995209
78;0.002487;-0.025497;-0.995926
79;0.003494;-0.025116;-0.995987
80;0.003738;-0.026215;-0.995758
81;0.003998;-0.025558;-0.996140
82;0.003464;-0.024170;-0.995392
83;0.004257;-0.025803;-0.996490
84;0.004089;-0.024353;-0.994934
85;0.003937;-0.025177;-0.995026
86;0.003662;-0.024643;-0.994659
87;0.003204;-0.025131;-0.996368
88;0.003067;-0.024963;-0.995834
89;0.003372;-0.025055;-0.995056
90;0.004303;-0.025360;-0.995392
91;0.003799;-0.024353;-0.994934
92;0.003464;-0.025101;-0.995514
93;0.004456;-0.024796;-0.995575
94;0.004166;-0.024384;-0.995071
95;0.003708;-0.025085;-0.995483
96;0.004318;-0.024796;-0.994461
97;0.004166;-0.025223;-0.995422
98;0.003891;-0.025635;-0.995316
99;0.003525;-0.025040;-0.995438
100;0.003937;-0.025177;-0.995285
101;0.004288;-0.024551;-0.994644
102;0.003464;-0.024673;-0.995209
103;0.003983;-0.024780;-0.994476
104;0.003632;-0.025848;-0.996140
105;0.003632;-0.024979;-0.995163
106;0.003906;-0.024826;-0.994965
107;0.004791;-0.024399;-0.996277
108;0.003922;-0.024612;-0.995895
109;0.004807;-0.024826;-0.995102
110;0.003265;-0.024734;-0.995544
111;0.004211;-0.025894;-0.996277
112;0.003815;-0.025574;-0.995605
113;0.003891;-0.024979;-0.995590
114;0.003983;-0.024048;-0.994598
115;0.003983;-0.025330;-0.995544
116;0.004074;-0.024567;-0.995789
117;0.003922;-0.024750;-0.995590
118;0.004074;-0.026123;-0.996262
119;0.003754;-0.025177;-0.994492
120;0.003983;-0.024857;-0.995316
121;0.003586;-0.023987;-0.995331
122;0.003326;-0.025192;-0.994217
123;0.004181;-0.025711;-0.995026
124;0.003311;-0.024506;-0.994690
125;0.004135;-0.025314;-0.996124
126;0.003815;-0.024750;-0.994949
127;0.002991;-0.024673;-0.995087
128;0.004562;-0.024826;-0.995010
129;0.004761;-0.024689;-0.995422
130;0.004257;-0.025162;-0.995483
131;0.003448;-0.024933;-0.994919
132;0.003372;-0.024307;-0.995468
133;0.003311;-0.024963;-0.994614
134;0.003784;-0.025513;-0.995682
135;0.003601;-0.025391;-0.993927
136;0.003906;-0.024429;-0.995651
137;0.003540;-0.024872;-0.994644
138;0.003708;-0.023743;-0.994873
139;0.003784;-0.024689;-0.995117
140;0.003510;-0.024704;-0.995560
141;0.003799;-0.025192;-0.995087
142;0.003983;-0.025299;-0.994888
143;0.004684;-0.024658;-0.995483
144;0.003540;-0.025253;-0.995102
145;0.003860;-0.024368;-0.995285
146;0.003296;-0.025467;-0.994934
147;0.004089;-0.025330;-0.995636
148;0.002899;-0.025482;-0.995041
149;0.003677;-0.025406;-0.996368
150;0.003082;-0.024826;-0.995300
151;0.004532;-0.024567;-0.995621
152;0.003479;-0.024719;-0.996170
153;0.003662;-0.024857;-0.994461
154;0.003830;-0.025574;-0.994431
155;0.002991;-0.025040;-0.995865
156;0.003876;-0.024796;-0.994659
157;0.003677;-0.025055;-0.994858
158;0.003708;-0.025238;-0.995712
159;0.005035;-0.026077;-0.994690
160;0.003357;-0.024139;-0.995209
161;0.005371;-0.026245;-1.004013
162;0.003922;-0.025131;-0.994644
