index;x;y;z
0;-0.005356;-0.013123;-0.995239
1;-0.004974;-0.013016;-0.996170
2;-0.004471;-0.013092;-0.994568
3;-0.005112;-0.013535;-0.995255
4;-0.005020;-0.013046;-0.995544
5;-0.004883;-0.013733;-0.994888
6;-0.004379;-0.012939;-0.995850
7;-0.005142;-0.013367;-0.995865
8;-0.005676;-0.013611;-0.996185
9;-0.005508;-0.013962;-0.995087
10;-0.005112;-0.013031;-0.995285
11;-0.004425;-0.013306;-0.995865
12;-0.005081;-0.013550;-0.995560
13;-0.004761;-0.013565;-0.995148
14;-0.005066;-0.013229;-0.994904
15;-0.004852;-0.013367;-0.995819
16;-0.004822;-0.013153;-0.995392
17;-0.005356;-0.012573;-0.994858
18;-0.005417;-0.013123;-0.995590
19;-0.004440;-0.013397;-0.995758
20;-0.005493;-0.012634;-0.996140
21;-0.004761;-0.014252;-0.995148
22;-0.005554;-0.013672;-0.993866
23;-0.005722;-0.013351;-0.995819
24;-0.004456;-0.013199;-0.995346
25;-0.005325;-0.013443;-0.995834
26;-0.005035;-0.012375;-0.994736
27;-0.004913;-0.013092;-0.995804
28;-0.004562;-0.013336;-0.994400
29;-0.004852;-0.012756;-0.994843
30;-0.005112;-0.013489;-0.995453
31;-0.005554;-0.013000;-0.995316
32;-0.004944;-0.013977;-0.995102
33;-0.005356;-0.013229;-0.994934
34;-0.005600;-0.013367;-0.995224
35;-0.004822;-0.013351;-0.996094
36;-0.005264;-0.013412;-0.995880
37;-0.004837;-0.013367;-0.995865
38;-0.004669;-0.012833;-0.994720
39;-0.004471;-0.012939;-0.996170
40;-0.005264;-0.013138;-0.995224
41;-0.005447;-0.013275;-0.995697
42;-0.004349;-0.013168;-0.996567
43;-0.004807;-0.012573;-0.995560
44;-0.004959;-0.013321;-0.994141
45;-0.004288;-0.013031;-0.994537
46;-0.005051;-0.013275;-0.995377
47;-0.004349;-0.013550;-0.995087
48;-0.004990;-0.013885;-0.994888
49;-0.005249;-0.013351;-0.994888
50;-0.005005;-0.012985;-0.996277
51;-0.005753;-0.013962;-0.995941
52;-0.005356;-0.013855;-0.996231
53;-0.004532;-0.013519;-0.996124
54;-0.004837;-0.012512;-0.994568
55;-0.005020;-0.013443;-0.994644
56;-0.005615;-0.013489;-0.995590
57;-0.005020;-0.012833;-0.994568
58;-0.005112;-0.013397;-0.996323
59;-0.005676;-0.013565;-0.995300
60;-0.004623;-0.013382;-0.995697
61;-0.005585;-0.012680;-0.995880
62;-0.005585;-0.013351;-0.994583
63;-0.005402;-0.012772;-0.996567
64;-0.005310;-0.013474;-0.995972
65;-0.005493;-0.012924;-0.994949
66;-0.005203;-0.012726;-0.995331
67;-0.004822;-0.012863;-0.995026
68;-0.004868;-0.012589;-0.995071
69;-0.005234;-0.013336;-0.995682
70;-0.005692;-0.014099;-0.995514
71;-0.004456;-0.013107;-0.996063
72;-0.005981;-0.012848;-0.995499
73;-0.005173;-0.013611;-0.994980
74;-0.005280;-0.013580;-0.995392
75;-0.003815;-0.013107;-0.993896
76;-0.005035;-0.013519;-0.995544
77;-0.005386;-0.012802;-0.995972
78;-0.005356;-0.013779;-0.995117
79;-0.005234;-0.012802;-0.996048
80;-0.004654;-0.013443;-0.994751
81;-0.004349;-0.012253;-0.994339
82;-0.005310;-0.012878;-0.995804
83;-0.004959;-0.013840;-0.994934
84;-0.005188;-0.013367;-0.995483
85;-0.004562;-0.013123;-0.995483
86;-0.004700;-0.012924;-0.995712
87;-0.005280;-0.012711;-0.994644
88;-0.005585;-0.012726;-0.994659
89;-0.004776;-0.012756;-0.995422
90;-0.004990;-0.012695;-0.995056
91;-0.004456;-0.013657;-0.996124
92;-0.005386;-0.013382;-0.995041
93;-0.005173;-0.014130;-0.995682
94;-0.005508;-0.013367;-0.995193
95;-0.005310;-0.013046;-0.994827
96;-0.004929;-0.013718;-0.995865
97;-0.004486;-0.012268;-0.996109
98;-0.004532;-0.012924;-0.995819
99;-0.005661;-0.013596;-0.996216
100;-0.005478;-0.013901;-0.995544
101;-0.004578;-0.012985;-0.994293
102;-0.005295;-0.013748;-0.995163
103;-0.005829;-0.012299;-0.994919
104;-0.005432;-0.012711;-0.994965
105;-0.005219;-0.013504;-0.995346
106;-0.005081;-0.013290;-0.996017
107;-0.005585;-0.012100;-0.995956
108;-0.003983;-0.013260;-0.996048
109;-0.004730;-0.013840;-0.995346
110;-0.005081;-0.013092;-0.996185
111;-0.006073;-0.013382;-0.995590
112;-0.005966;-0.013428;-0.995529
113;-0.005814;-0.013092;-0.995956
114;-0.005127;-0.012817;-0.995651
115;-0.005310;-0.013718;-0.995850
116;-0.005585;-0.013092;-0.995804
117;-0.005585;-0.012863;-0.994598
118;-0.004974;-0.013016;-0.996078
119;-0.005478;-0.012787;-0.995499
120;-0.005600;-0.013565;-0.994751
121;-0.005432;-0.013962;-0.996017
122;-0.005127;-0.013290;-0.996262
123;-0.005310;-0.013641;-0.996109
124;-0.004776;-0.013245;-0.994614
125;-0.006241;-0.012863;-0.995865
126;-0.004456;-0.013550;-0.995789
127;-0.005722;-0.012619;-0.995621
128;-0.005219;-0.013046;-0.994598
129;-0.005035;-0.013626;-0.995926
130;-0.004898;-0.012711;-0.995224
131;-0.005676;-0.014328;-0.994827
132;-0.004837;-0.013794;-0.994904
133;-0.005112;-0.013199;-0.995026
134;-0.005188;-0.013016;-0.994904
135;-0.005447;-0.013550;-0.996506
136;-0.005127;-0.013428;-0.995163
137;-0.005280;-0.012833;-0.996048
138;-0.005249;-0.013748;-0.996460
139;-0.006073;-0.013229;-0.995651
140;-0.004974;-0.013916;-0.994827
141;-0.004898;-0.013687;-0.995880
142;-0.005096;-0.013153;-0.996338
143;-0.005020;-0.012466;-0.995865
144;-0.004578;-0.012726;-0.996582
145;-0.005112;-0.012726;-0.995850
146;-0.004883;-0.012970;-0.996201
147;-0.005371;-0.013367;-0.995789
148;-0.005264;-0.012619;-0.995453
149;-0.005447;-0.012680;-0.995483
150;-0.005341;-0.013046;-0.995636
151;-0.004242;-0.013382;-0.995102
152;-0.004333;-0.012970;-0.994049
153;-0.005112;-0.013321;-0.995193
154;-0.005737;-0.013260;-0.995865
155;-0.004944;-0.012711;-0.995056
156;-0.005066;-0.012787;-0.996185
157;-0.005829;-0.013580;-0.995636
158;-0.005203;-0.012833;-0.996063
159;-0.004837;-0.013351;-0.994659
160;-0.005386;-0.013657;-0.993988
161;-0.005051;-0.012833;-0.995514
162;-0.005463;-0.012878;-0.995255
163;-0.004944;-0.013306;-0.995758
164;-0.004791;-0.012192;-0.995224
165;-0.004852;-0.013382;-0.994720
166;-0.004974;-0.013794;-0.995377
167;-0.005112;-0.013000;-0.995636
168;-0.005295;-0.013290;-0.995590
169;-0.005463;-0.013489;-0.995438
170;-0.005798;-0.013031;-0.995712
171;-0.005753;-0.013458;-0.994934
172;-0.005035;-0.013107;-0.994827
173;-0.005325;-0.013504;-0.996445
174;-0.005035;-0.013641;-0.995575
175;-0.006882;-0.012985;-0.985580
176;-0.004623;-0.013657;-0.994949
