index;x;y;z
0;-0.000824;-0.019623;-0.996918
1;-0.000931;-0.020432;-0.995316
2;-0.001633;-0.020035;-0.996964
3;-0.001343;-0.019363;-0.996277
4;-0.000885;-0.020645;-0.994995
5;-0.001022;-0.020157;-0.995178
6;-0.000565;-0.019836;-0.994995
7;-0.001083;-0.020386;-0.997055
8;-0.000992;-0.019669;-0.995468
9;-0.000504;-0.019623;-0.995987
10;-0.000885;-0.020233;-0.996826
11;-0.001511;-0.020615;-0.995712
12;-0.001068;-0.020096;-0.995346
13;0.000336;-0.020187;-0.996368
14;-0.000854;-0.020782;-0.994919
15;-0.000916;-0.020935;-0.996490
16;-0.001465;-0.019440;-0.995789
17;-0.001144;-0.020935;-0.996002
18;-0.001541;-0.019165;-0.995499
19;-0.000549;-0.019943;-0.995682
20;-0.001038;-0.020569;-0.994934
21;-0.000549;-0.020660;-0.995087
22;-0.001205;-0.020081;-0.994995
23;-0.000885;-0.019882;-0.995865
24;-0.000793;-0.020157;-0.994507
25;-0.000458;-0.020569;-0.996078
26;-0.000183;-0.020279;-0.995972
27;-0.001221;-0.019760;-0.996262
28;-0.001236;-0.019653;-0.995331
29;-0.000183;-0.020523;-0.995178
30;-0.000961;-0.020996;-0.996094
31;-0.000763;-0.020248;-0.995300
32;-0.000839;-0.020645;-0.995148
33;-0.000961;-0.019669;-0.995895
34;-0.000519;-0.020355;-0.994568
35;-0.001160;-0.019882;-0.995590
36;-0.001312;-0.020691;-0.995544
37;-0.000458;-0.019913;-0.994659
38;-0.001282;-0.020355;-0.996155
39;-0.000336;-0.020020;-0.996170
40;0.000076;-0.019775;-0.995712
41;-0.000671;-0.020523;-0.995819
42;-0.001083;-0.020554;-0.995972
43;-0.000259;-0.019974;-0.995972
44;-0.001038;-0.020279;-0.996201
45;-0.001068;-0.020126;-0.996475
46;-0.000275;-0.020447;-0.995056
47;-0.000580;-0.019394;-0.994110
48;-0.001144;-0.021011;-0.996460
49;-0.000641;-0.020035;-0.996521
50;-0.000809;-0.020325;-0.995010
51;-0.000809;-0.020004;-0.995056
52;-0.000961;-0.020355;-0.994751
53;-0.001419;-0.020020;-0.995605
54;-0.001678;-0.019989;-0.996750
55;0.000107;-0.020065;-0.995804
56;-0.001465;-0.020187;-0.996231
57;-0.000443;-0.020355;-0.996048
58;-0.001587;-0.020660;-0.996445
59;-0.000885;-0.020233;-0.995926
60;-0.000595;-0.019714;-0.996231
61;0.000046;-0.020233;-0.995987
62;-0.000854;-0.020615;-0.995514
63;-0.001053;-0.020493;-0.994629
64;-0.000214;-0.020447;-0.995132
65;-0.001205;-0.019562;-0.996628
66;-0.000931;-0.019821;-0.995850
67;-0.001114;-0.019592;-0.997055
68;-0.001373;-0.020004;-0.995865
69;-0.001633;-0.020569;-0.996017
70;-0.000870;-0.020798;-0.993835
71;-0.000580;-0.020050;-0.996277
72;-0.001724;-0.020172;-0.995667
73;-0.000641;-0.020752;-0.996246
74;-0.001175;-0.020157;-0.997162
75;-0.000412;-0.019440;-0.994385
76;-0.001633;-0.019745;-0.995377
77;-0.000519;-0.020477;-0.995163
78;-0.000977;-0.020660;-0.996140
79;-0.000885;-0.019974;-0.994675
80;-0.000778;-0.020554;-0.994049
81;-0.001099;-0.019745;-0.995132
82;-0.001266;-0.021194;-0.995712
83;-0.000656;-0.020264;-0.994461
84;-0.000458;-0.020325;-0.995239
85;0.000107;-0.019913;-0.995621
86;-0.000748;-0.020264;-0.995743
87;-0.000565;-0.019470;-0.994614
88;-0.001434;-0.019852;-0.995132
89;-0.000854;-0.019257;-0.994827
90;-0.001785;-0.019882;-0.995651
91;-0.001190;-0.020996;-0.995285
92;-0.001068;-0.019897;-0.996994
93;-0.000320;-0.020813;-0.995483
94;-0.001129;-0.019791;-0.996613
95;0.000153;-0.020004;-0.995865
96;-0.000061;-0.019333;-0.996857
97;-0.001511;-0.019882;-0.994339
98;-0.000595;-0.020599;-0.995010
99;-0.000824;-0.019791;-0.995895
100;-0.000946;-0.020096;-0.995483
101;-0.001511;-0.020325;-0.996628
102;0.000076;-0.019958;-0.997284
103;-0.000626;-0.020370;-0.995773
104;-0.001144;-0.020203;-0.996414
105;0.000107;-0.019730;-0.995056
106;-0.001007;-0.020538;-0.995590
107;-0.001236;-0.019730;-0.995300
108;-0.001022;-0.019394;-0.995483
109;-0.000412;-0.020294;-0.995026
110;-0.001251;-0.019196;-0.995590
111;-0.000427;-0.020386;-0.996689
112;-0.000763;-0.019653;-0.995819
113;-0.000427;-0.021164;-0.994720
114;-0.001129;-0.020325;-0.996231
115;-0.000992;-0.020584;-0.995651
116;-0.000748;-0.019882;-0.996307
117;-0.000336;-0.019379;-0.996933
118;-0.001480;-0.019821;-0.995316
119;-0.000015;-0.019928;-0.997421
120;-0.001007;-0.020828;-0.996033
121;-0.001007;-0.019241;-0.995560
122;-0.000793;-0.020645;-0.994476
123;-0.001282;-0.020935;-0.996033
124;-0.001282;-0.020828;-0.995483
125;-0.000778;-0.019745;-0.995346
126;-0.000854;-0.019867;-0.995895
127;-0.001251;-0.020294;-0.995514
128;-0.001099;-0.020294;-0.997375
129;-0.001160;-0.019989;-0.995605
130;-0.000748;-0.020950;-0.996994
131;0.000000;-0.020569;-0.996384
132;-0.000809;-0.020935;-0.996063
133;-0.000565;-0.020844;-0.996918
134;-0.001328;-0.019760;-0.995651
135;-0.001129;-0.020584;-0.996796
136;-0.001190;-0.019897;-0.996002
137;-0.000900;-0.019531;-0.995468
138;-0.001099;-0.020126;-0.996017
139;-0.001587;-0.020081;-0.994553
140;-0.001038;-0.019806;-0.995865
141;-0.000320;-0.019928;-0.996445
142;-0.000885;-0.020691;-0.995956
143;-0.001312;-0.019043;-0.994614
144;-0.000412;-0.019928;-0.994568
145;-0.001648;-0.021057;-0.995560
146;-0.000183;-0.019836;-0.995514
147;-0.001022;-0.019623;-0.994858
148;-0.001923;-0.020569;-0.995117
